Model_0: M: 5, H: 20, eps: 0.1
Model_1: M: 5, H: 30, eps: 0.1
Model_2: M: 5, H: 40, eps: 0.1
Model_3: M: 8, H: 20, eps: 0.1
Model_4: M: 8, H: 30, eps: 0.1
Model_5: M: 8, H: 40, eps: 0.1
Model_6: M: 10, H: 20, eps: 0.1
Model_7: M: 10, H: 30, eps: 0.1
Model_8: M: 10, H: 40, eps: 0.1
Model_9: M: 15, H: 20, eps: 0.1
Model_10: M: 15, H: 30, eps: 0.1
Model_11: M: 15, H: 40, eps: 0.1
mdn_loss: 34911.889
mdn_loss: 873.818
mdn_loss: 243.471
mdn_loss: 133.645
mdn_loss: 122.489
mdn_loss: 108.375
mdn_loss: 102.119
mdn_loss: 94.403
mdn_loss: 91.536
mdn_loss: 88.951
profile of Model 0
K N Mean Var MSE
0: 792 8.91 35.62 128.65
1: 19 13.49 53.34 184.90
2: 16 11.25 53.07 151.12
3: 4 10.86 38.81 101.83
4: 11 17.48 100.16 267.12
5: 7 14.04 59.90 106.18
6: 8 12.67 58.70 91.69
7: 4 17.41 81.77 135.16
8: 5 14.75 74.33 94.78
9: 8 16.86 76.22 83.89
10: 10 16.39 76.93 110.71
11: 6 14.30 66.81 76.42
12: 10 18.42 92.28 69.69
13: 6 15.81 74.50 51.40
14: 8 15.61 87.59 120.89
15: 8 16.36 78.76 30.78
16: 4 18.94 88.09 15.22
17: 3 17.28 82.24 23.91
18: 10 18.58 101.47 48.06
19: 4 10.97 35.35 73.83
20: 8 22.54 126.78 41.09
21: 8 17.99 80.71 55.50
22: 7 18.66 94.06 39.54
23: 3 16.80 87.56 57.30
24: 5 19.13 95.43 63.47
25: 9 21.92 132.75 151.12
26: 3 19.17 118.08 229.44
27: 5 20.38 110.03 138.73
28: 5 19.12 92.61 95.15
29: 6 18.42 95.98 211.77
30: 3 23.26 137.27 159.82
31: 4 23.04 129.74 99.83
32: 5 23.82 128.06 84.78
33: 8 18.36 82.24 231.58
34: 5 23.57 152.04 257.63
35: 3 20.00 122.09 325.85
36: 5 23.02 131.07 242.65
37: 3 16.12 62.76 447.74
38: 6 23.47 134.33 274.23
39: 3 23.29 137.87 292.90
40: 4 22.51 130.84 316.37
41: 3 26.63 174.55 223.96
43: 1 6.66 12.11 1320.49
44: 3 29.09 213.78 318.92
45: 7 29.39 196.93 295.11
46: 1 28.03 157.51 322.98
47: 3 28.19 183.37 441.71
48: 2 16.89 75.31 999.17
50: 2 28.00 185.98 501.63
51: 5 22.21 121.23 850.14
52: 2 23.20 125.63 843.74
53: 2 16.91 69.20 1318.61
54: 1 44.96 385.55 81.74
55: 2 26.44 160.21 836.41
56: 1 23.21 137.57 1075.27
57: 6 34.90 309.40 808.33
58: 2 25.70 155.34 1056.93
59: 2 20.52 145.27 1787.10
60: 1 63.86 769.44 14.92
61: 1 39.74 323.73 452.11
63: 1 35.46 267.54 758.24
64: 3 41.98 392.79 611.47
65: 2 20.77 92.01 1957.78
67: 2 30.44 193.26 1354.69
68: 2 32.05 211.16 1293.83
70: 2 27.30 161.50 1852.98
73: 1 19.40 90.09 2872.68
76: 1 19.37 93.20 3207.33
77: 1 48.78 463.38 796.36
78: 1 44.00 384.61 1155.72
81: 1 36.12 268.06 2013.78
83: 1 23.50 127.64 3540.70
MSE: 177.41
NLL: 143.24
profile of Model 1
K N Mean Var MSE
0: 792 4.85 22.53 81.59
1: 19 11.25 35.58 132.85
2: 16 6.96 30.59 78.64
3: 4 7.33 26.68 56.82
4: 11 12.25 50.79 180.91
5: 7 8.76 20.15 33.69
6: 8 8.72 28.59 70.07
7: 4 17.11 51.57 108.56
8: 5 11.71 39.97 49.85
9: 8 14.91 47.82 68.84
10: 10 12.91 40.60 57.02
11: 6 13.70 45.52 52.99
12: 10 14.82 48.18 49.84
13: 6 13.86 45.65 48.41
14: 8 11.50 50.70 147.21
15: 8 11.00 30.57 57.05
16: 4 16.91 55.74 10.83
17: 3 12.85 37.84 48.91
18: 10 14.86 47.00 48.39
19: 4 9.99 24.75 90.42
20: 8 19.08 66.12 17.78
21: 8 15.57 52.27 84.71
22: 7 15.91 54.68 66.98
23: 3 11.85 29.02 141.10
24: 5 17.15 54.69 72.06
25: 9 17.69 76.59 211.65
26: 3 20.47 94.02 183.50
27: 5 17.41 64.15 169.49
28: 5 16.70 58.35 160.56
29: 6 17.07 63.52 230.15
30: 3 18.98 64.26 148.99
31: 4 19.53 82.15 234.78
32: 5 19.38 68.97 181.26
33: 8 16.97 54.95 282.73
34: 5 18.80 79.76 345.21
35: 3 17.77 77.80 411.28
36: 5 22.68 106.91 304.70
37: 3 14.31 46.32 560.64
38: 6 22.13 95.19 333.25
39: 3 20.89 76.73 331.56
40: 4 19.15 65.08 447.45
41: 3 22.63 89.92 356.96
43: 1 2.79 8.78 1616.76
44: 3 26.39 129.16 374.22
45: 7 24.61 108.88 477.72
46: 1 30.32 144.40 246.01
47: 3 25.55 127.90 580.71
48: 2 12.39 32.71 1271.26
50: 2 21.52 86.11 889.53
51: 5 22.20 90.06 869.60
52: 2 24.42 104.33 792.46
53: 2 18.58 70.73 1255.23
54: 1 41.97 268.99 144.79
55: 2 21.72 84.68 1173.77
56: 1 17.57 53.45 1476.61
57: 6 32.44 211.29 903.60
58: 2 27.76 130.09 941.09
59: 2 12.47 55.62 2328.59
60: 1 59.74 551.12 0.07
61: 1 34.93 193.10 679.66
63: 1 36.64 218.00 694.72
64: 3 36.65 232.86 874.34
65: 2 21.66 76.92 1890.49
67: 2 31.30 156.26 1275.37
68: 2 29.49 135.76 1485.10
70: 2 27.67 122.15 1815.90
73: 1 16.46 55.18 3197.15
76: 1 22.82 93.02 2827.64
77: 1 46.54 331.32 927.63
78: 1 43.27 289.23 1205.96
81: 1 31.56 160.77 2444.47
83: 1 25.64 109.99 3290.32
MSE: 151.19
NLL: 158.90
profile of Model 2
K N Mean Var MSE
0: 792 4.49 20.68 96.36
1: 19 15.08 45.11 255.30
2: 16 7.33 22.70 85.95
3: 4 8.94 28.86 81.88
4: 11 15.00 62.28 288.30
5: 7 10.35 33.63 113.60
6: 8 8.80 32.90 101.97
7: 4 20.49 71.22 251.02
8: 5 12.09 36.34 56.55
9: 8 17.41 57.32 139.76
10: 10 13.47 43.78 90.82
11: 6 18.23 60.99 142.98
12: 10 16.80 49.98 56.28
13: 6 16.58 64.28 139.40
14: 8 12.18 42.43 121.66
15: 8 10.17 29.34 63.24
16: 4 14.15 41.80 31.63
17: 3 16.80 47.90 12.50
18: 10 15.44 53.40 75.18
19: 4 11.39 29.42 83.93
20: 8 21.11 74.64 49.41
21: 8 18.23 61.91 110.00
22: 7 15.89 54.81 135.43
23: 3 12.61 38.22 144.64
24: 5 17.82 54.64 75.03
25: 9 18.00 73.14 248.34
26: 3 20.13 80.45 233.02
27: 5 20.61 74.85 155.17
28: 5 16.84 50.81 165.79
29: 6 16.40 58.49 294.30
30: 3 22.60 79.99 112.69
31: 4 19.45 72.19 255.31
32: 5 24.88 92.03 76.36
33: 8 15.88 45.40 319.79
34: 5 22.16 92.80 314.87
35: 3 14.85 61.19 528.14
36: 5 22.61 89.50 309.50
37: 3 16.53 51.97 488.00
38: 6 18.72 66.28 487.84
39: 3 19.41 65.94 415.61
40: 4 23.60 91.29 316.27
41: 3 29.10 123.07 184.43
43: 1 3.50 12.24 1559.98
44: 3 30.06 160.38 445.99
45: 7 27.56 112.71 369.54
46: 1 27.58 105.59 339.12
47: 3 32.06 148.98 320.73
48: 2 14.96 35.78 1091.34
50: 2 23.52 84.00 722.81
51: 5 21.30 68.84 906.74
52: 2 29.61 123.06 527.64
53: 2 14.75 41.77 1513.26
54: 1 51.87 324.60 4.55
55: 2 21.74 72.54 1130.70
56: 1 23.01 79.52 1088.59
57: 6 33.92 190.63 900.01
58: 2 22.05 76.80 1297.10
59: 2 15.38 61.58 2111.66
60: 1 61.25 444.10 1.56
61: 1 39.02 197.27 483.14
63: 1 35.29 163.82 767.87
64: 3 42.64 249.18 608.09
65: 2 20.94 62.45 1941.63
67: 2 29.87 121.72 1401.33
68: 2 27.61 105.38 1638.00
70: 2 27.56 109.06 1857.72
73: 1 15.53 40.38 3303.33
76: 1 21.37 72.12 2984.72
77: 1 52.28 333.47 611.02
78: 1 48.83 295.89 851.06
81: 1 34.64 159.07 2149.39
83: 1 21.35 64.34 3800.84
MSE: 167.39
NLL: 217.10
profile of Model 3
K N Mean Var MSE
0: 792 4.27 22.68 74.69
1: 19 12.81 47.55 181.05
2: 16 5.83 24.75 66.33
3: 4 8.30 39.11 97.21
4: 11 15.51 72.17 260.05
5: 7 10.67 41.20 102.30
6: 8 8.56 37.32 87.23
7: 4 18.91 76.12 167.66
8: 5 12.14 50.64 72.96
9: 8 14.70 53.12 63.51
10: 10 10.62 38.38 39.46
11: 6 15.49 65.57 104.29
12: 10 14.84 59.63 86.35
13: 6 12.89 53.32 67.59
14: 8 11.31 44.58 80.03
15: 8 10.07 35.33 67.92
16: 4 12.52 46.55 41.00
17: 3 15.60 57.93 20.86
18: 10 15.55 63.74 69.85
19: 4 10.70 32.76 82.57
20: 8 19.10 77.32 25.40
21: 8 16.48 70.26 107.07
22: 7 13.83 60.09 159.20
23: 3 10.59 34.97 188.78
24: 5 18.00 67.44 56.44
25: 9 17.17 83.17 210.01
26: 3 17.48 78.98 193.27
27: 5 17.66 74.62 162.08
28: 5 15.44 63.19 207.34
29: 6 16.53 70.41 232.14
30: 3 17.64 69.45 190.40
31: 4 21.05 104.09 225.62
32: 5 24.63 111.91 57.33
33: 8 11.88 37.80 463.33
34: 5 19.98 99.86 330.81
35: 3 16.29 90.48 511.76
36: 5 20.96 93.31 279.95
37: 3 16.57 62.14 465.81
38: 6 16.64 68.81 523.48
39: 3 18.72 75.40 414.94
40: 4 22.58 105.99 361.06
41: 3 26.94 138.36 253.32
43: 1 -0.16 10.17 1862.86
44: 3 24.17 129.77 488.88
45: 7 23.80 113.95 501.82
46: 1 22.30 95.70 561.48
47: 3 24.70 120.58 549.87
48: 2 12.70 40.49 1254.55
50: 2 24.72 110.07 654.92
51: 5 21.33 92.59 909.88
52: 2 26.21 128.20 683.42
53: 2 15.34 57.38 1440.43
54: 1 46.27 338.08 59.68
55: 2 21.46 84.71 1132.62
56: 1 26.71 122.05 858.15
57: 6 28.34 189.70 1142.69
58: 2 23.54 110.10 1188.40
59: 2 13.90 73.88 2231.73
60: 1 57.85 531.66 4.60
61: 1 26.84 130.16 1166.76
63: 1 34.77 215.21 797.03
64: 3 35.26 221.56 901.00
65: 2 19.68 73.27 2054.28
67: 2 26.13 123.46 1670.30
68: 2 23.56 102.69 1977.79
70: 2 21.46 97.98 2434.38
73: 1 14.27 48.14 3449.20
76: 1 22.74 102.44 2836.24
77: 1 42.95 298.76 1159.31
78: 1 36.09 210.20 1756.11
81: 1 27.40 136.27 2873.29
83: 1 22.86 96.68 3616.65
MSE: 158.20
NLL: 154.42
profile of Model 4
K N Mean Var MSE
0: 792 7.08 48.42 106.16
1: 19 11.39 68.26 146.35
2: 16 9.75 77.90 119.12
3: 4 7.60 46.90 37.51
4: 11 15.98 127.87 241.74
5: 7 13.85 79.89 106.27
6: 8 11.19 66.85 72.99
7: 4 14.85 96.94 92.27
8: 5 14.21 99.14 81.93
9: 8 15.75 114.97 71.79
10: 10 13.69 88.56 64.76
11: 6 12.73 90.24 64.69
12: 10 16.42 115.48 58.40
13: 6 13.64 93.30 33.54
14: 8 15.59 134.87 113.98
15: 8 15.47 94.97 30.69
16: 4 16.06 99.92 21.28
17: 3 17.57 123.32 30.49
18: 10 17.22 121.14 53.01
19: 4 9.53 50.78 109.21
20: 8 20.00 163.34 40.11
21: 8 17.11 137.35 81.22
22: 7 15.54 104.81 65.47
23: 3 18.37 121.62 41.10
24: 5 19.74 147.23 49.93
25: 9 19.60 186.63 168.42
26: 3 16.87 157.88 230.80
27: 5 20.83 197.67 88.56
28: 5 17.73 115.85 122.05
29: 6 16.94 129.07 222.63
30: 3 23.84 242.17 122.69
31: 4 23.54 193.53 78.29
32: 5 19.55 162.13 190.33
33: 8 18.39 147.79 230.97
34: 5 21.87 200.10 250.42
35: 3 18.91 160.94 344.71
36: 5 21.73 186.95 262.30
37: 3 14.52 91.65 520.64
38: 6 19.13 172.12 437.15
39: 3 24.24 208.39 259.66
40: 4 20.52 147.79 389.23
41: 3 26.84 247.04 219.72
43: 1 4.46 23.80 1484.99
44: 3 30.25 316.39 227.68
45: 7 26.10 262.75 417.60
46: 1 29.96 329.77 257.39
47: 3 25.69 280.11 533.81
48: 2 9.97 54.47 1469.08
50: 2 26.35 253.04 585.34
51: 5 18.70 131.87 1066.14
52: 2 24.55 216.92 770.19
53: 2 15.18 87.92 1445.76
54: 1 38.45 516.32 241.82
55: 2 25.93 236.83 848.59
56: 1 21.91 158.28 1162.13
57: 6 28.71 332.22 964.10
58: 2 25.97 233.60 1062.29
59: 2 19.73 218.59 1772.60
60: 1 47.78 731.65 149.29
61: 1 30.88 328.13 907.25
63: 1 26.82 242.66 1309.26
64: 3 34.50 412.62 905.32
65: 2 20.87 158.00 1947.87
67: 2 29.85 326.91 1407.09
68: 2 30.72 336.03 1391.51
70: 2 31.66 354.38 1484.09
73: 1 13.03 60.09 3595.82
76: 1 16.46 104.05 3545.18
77: 1 41.46 597.74 1262.90
78: 1 40.20 539.85 1429.15
81: 1 40.01 543.51 1680.45
83: 1 18.81 138.39 4120.96
MSE: 168.09
NLL: 107.08
profile of Model 5
K N Mean Var MSE
0: 792 7.14 31.61 143.77
1: 19 19.73 87.82 406.91
2: 16 11.90 51.67 197.18
3: 4 10.01 36.67 103.71
4: 11 17.92 89.35 342.81
5: 7 15.61 59.51 156.77
6: 8 14.57 72.69 231.00
7: 4 20.95 90.61 266.36
8: 5 17.51 74.91 156.17
9: 8 19.65 87.64 178.63
10: 10 17.06 67.34 95.72
11: 6 18.87 81.94 143.54
12: 10 19.67 86.47 122.27
13: 6 17.19 78.74 111.42
14: 8 15.44 76.68 157.32
15: 8 15.07 63.59 81.52
16: 4 22.85 110.33 86.24
17: 3 21.94 97.38 34.90
18: 10 18.71 78.73 50.10
19: 4 13.00 39.68 41.83
20: 8 27.45 141.44 82.40
21: 8 24.41 136.33 185.52
22: 7 19.66 85.74 50.13
23: 3 16.95 73.08 105.92
24: 5 23.89 107.08 15.87
25: 9 22.57 122.36 193.45
26: 3 22.52 128.81 253.45
27: 5 19.19 87.61 172.05
28: 5 22.32 103.32 67.18
29: 6 22.36 112.54 178.19
30: 3 24.99 116.52 53.59
31: 4 28.49 173.86 133.03
32: 5 28.62 147.02 18.93
33: 8 22.54 107.21 145.10
34: 5 28.16 171.65 200.13
35: 3 19.23 104.17 396.75
36: 5 30.27 177.65 118.29
37: 3 15.61 54.93 498.33
38: 6 23.76 114.18 259.22
39: 3 25.23 131.23 217.48
40: 4 27.19 137.36 173.45
41: 3 32.45 192.99 93.77
43: 1 5.07 15.40 1438.36
44: 3 36.01 263.60 168.51
45: 7 31.44 183.02 243.55
46: 1 28.49 141.83 306.53
47: 3 35.43 238.20 264.26
48: 2 16.96 59.49 995.09
50: 2 28.48 149.09 511.28
51: 5 29.07 156.83 504.87
52: 2 31.76 179.07 427.24
53: 2 21.24 99.34 1091.17
54: 1 46.73 348.36 52.85
55: 2 24.75 111.45 924.87
56: 1 25.59 119.33 924.62
57: 6 35.72 254.12 697.46
58: 2 29.93 178.82 795.17
59: 2 19.33 107.36 1818.32
60: 1 51.80 413.99 67.19
61: 1 40.75 285.29 410.13
63: 1 44.60 345.76 338.70
64: 3 49.56 440.10 345.69
65: 2 24.38 104.93 1660.14
67: 2 36.49 232.08 931.58
68: 2 31.71 169.10 1324.42
70: 2 30.06 161.75 1658.44
73: 1 29.41 166.83 1900.05
76: 1 29.57 158.29 2155.76
77: 1 52.85 446.51 583.04
78: 1 50.89 426.85 734.72
81: 1 43.05 315.62 1440.44
83: 1 27.32 135.30 3100.10
MSE: 185.88
NLL: 127.40
profile of Model 6
K N Mean Var MSE
0: 792 4.20 22.82 79.45
1: 19 12.68 44.07 172.20
2: 16 7.38 31.81 85.05
3: 4 7.53 22.98 35.31
4: 11 14.99 77.69 254.94
5: 7 10.86 43.10 116.92
6: 8 9.99 45.87 119.33
7: 4 17.44 75.30 174.08
8: 5 10.20 31.57 32.88
9: 8 16.34 68.77 110.72
10: 10 11.39 36.85 39.90
11: 6 15.14 69.60 118.49
12: 10 14.94 56.06 53.78
13: 6 14.41 63.39 86.66
14: 8 11.63 51.24 97.73
15: 8 10.86 35.48 57.19
16: 4 13.08 45.82 43.71
17: 3 17.03 61.98 4.02
18: 10 15.04 57.69 53.46
19: 4 10.19 26.07 86.23
20: 8 22.09 107.63 49.75
21: 8 19.55 103.75 145.43
22: 7 13.89 53.38 122.45
23: 3 13.86 54.20 142.50
24: 5 19.72 82.39 40.20
25: 9 16.83 87.18 220.52
26: 3 16.39 74.81 197.34
27: 5 18.76 85.77 145.24
28: 5 13.80 47.64 234.51
29: 6 19.88 108.69 237.17
30: 3 21.30 96.94 110.19
31: 4 18.96 95.03 255.15
32: 5 23.63 112.86 75.26
33: 8 15.84 59.22 329.58
34: 5 20.48 111.41 324.64
35: 3 11.83 51.11 617.70
36: 5 22.38 113.19 253.23
37: 3 16.07 62.22 478.06
38: 6 19.08 92.13 446.04
39: 3 17.29 66.50 497.16
40: 4 20.14 93.10 440.85
41: 3 31.44 201.52 110.89
43: 1 7.27 17.54 1276.43
44: 3 24.26 152.20 549.70
45: 7 24.24 130.57 503.33
46: 1 26.81 141.50 368.38
47: 3 29.19 176.97 359.66
48: 2 14.76 50.23 1125.19
50: 2 24.03 121.08 709.03
51: 5 20.71 89.96 932.37
52: 2 25.80 132.76 691.51
53: 2 14.25 52.13 1548.01
54: 1 47.15 427.00 46.94
55: 2 22.80 103.84 1039.26
56: 1 20.59 87.88 1254.16
57: 6 32.18 258.18 913.21
58: 2 20.43 84.56 1414.29
59: 2 17.45 97.20 1901.00
60: 1 56.31 607.31 13.59
61: 1 35.93 252.61 628.29
63: 1 37.40 272.71 655.17
64: 3 38.43 323.90 851.29
65: 2 18.47 67.49 2169.68
67: 2 27.24 146.83 1590.75
68: 2 26.93 143.28 1695.67
70: 2 25.27 129.36 2024.69
73: 1 22.68 104.25 2531.70
76: 1 22.60 105.28 2852.05
77: 1 50.60 491.30 696.98
78: 1 45.36 397.87 1065.32
81: 1 36.20 257.30 2006.93
83: 1 21.94 96.78 3727.87
MSE: 154.24
NLL: 178.60
profile of Model 7
K N Mean Var MSE
0: 792 6.34 41.98 96.04
1: 19 11.58 58.57 155.25
2: 16 6.27 39.02 61.40
3: 4 9.89 45.21 76.40
4: 11 14.65 101.56 198.80
5: 7 13.09 66.72 99.95
6: 8 9.65 55.07 63.32
7: 4 15.81 85.66 89.74
8: 5 11.98 68.64 67.71
9: 8 13.99 80.28 47.14
10: 10 14.68 91.40 106.70
11: 6 14.11 77.34 64.86
12: 10 14.42 72.28 24.37
13: 6 14.72 82.03 28.98
14: 8 13.52 92.89 122.68
15: 8 12.90 67.81 50.01
16: 4 17.34 91.74 10.40
17: 3 16.31 93.27 40.96
18: 10 16.63 105.63 55.81
19: 4 9.48 33.72 101.90
20: 8 17.78 115.56 42.48
21: 8 13.59 82.38 97.01
22: 7 14.20 72.07 87.61
23: 3 15.12 79.00 84.02
24: 5 18.89 131.98 110.02
25: 9 18.71 148.47 176.62
26: 3 18.80 169.11 262.19
27: 5 18.18 138.44 125.78
28: 5 17.25 103.60 159.82
29: 6 18.54 131.20 205.77
30: 3 19.10 146.99 185.39
31: 4 20.01 131.23 183.29
32: 5 19.22 128.61 206.82
33: 8 13.19 111.47 455.78
34: 5 18.95 129.99 294.43
35: 3 13.59 139.23 607.25
36: 5 21.05 161.51 330.98
37: 3 17.83 104.07 373.15
38: 6 17.95 126.43 470.00
39: 3 20.84 128.62 334.84
40: 4 19.57 118.96 427.77
41: 3 25.37 189.77 263.01
43: 1 5.85 24.76 1380.18
44: 3 26.30 222.23 411.05
45: 7 25.39 210.65 428.71
46: 1 32.49 330.91 182.64
47: 3 29.05 292.24 417.45
48: 2 15.12 68.76 1087.80
50: 2 24.94 201.79 662.87
51: 5 18.76 117.87 1100.10
52: 2 22.43 150.90 886.83
53: 2 14.32 64.93 1509.36
54: 1 37.01 403.79 288.56
55: 2 24.74 190.45 935.00
56: 1 19.63 114.89 1322.55
57: 6 30.11 328.01 954.68
58: 2 22.96 149.67 1227.70
59: 2 20.31 181.79 1728.46
60: 1 52.42 731.58 57.45
61: 1 35.79 375.25 635.63
63: 1 28.66 224.83 1179.15
64: 3 30.31 283.99 1180.29
65: 2 23.75 184.19 1761.38
67: 2 27.23 245.76 1629.89
68: 2 34.72 352.96 1109.84
70: 2 27.56 273.60 1938.36
73: 1 12.29 43.63 3685.60
76: 1 22.12 147.20 2902.57
77: 1 42.37 521.94 1199.51
78: 1 38.28 413.44 1577.56
81: 1 34.78 351.88 2136.04
83: 1 23.70 156.70 3517.06
MSE: 165.20
NLL: 122.82
profile of Model 8
K N Mean Var MSE
0: 792 4.88 25.82 80.74
1: 19 10.47 38.88 129.25
2: 16 7.00 28.78 78.39
3: 4 6.79 25.76 62.02
4: 11 13.62 58.91 193.78
5: 7 9.21 29.53 38.94
6: 8 10.18 38.22 71.79
7: 4 16.40 54.87 114.78
8: 5 12.56 47.96 102.34
9: 8 14.96 50.36 54.41
10: 10 11.68 41.18 45.46
11: 6 11.93 42.03 69.36
12: 10 15.63 57.79 70.05
13: 6 12.46 42.77 43.31
14: 8 12.34 50.82 128.04
15: 8 11.76 41.05 51.64
16: 4 15.80 50.82 12.20
17: 3 14.08 52.07 48.68
18: 10 16.17 61.19 42.11
19: 4 9.39 27.97 99.60
20: 8 20.95 85.64 35.42
21: 8 16.07 66.95 141.89
22: 7 16.09 52.73 59.31
23: 3 15.36 51.81 67.56
24: 5 16.47 60.14 77.85
25: 9 18.04 76.30 173.22
26: 3 15.03 59.16 222.11
27: 5 17.74 71.25 161.51
28: 5 16.79 62.00 164.14
29: 6 16.33 60.76 217.36
30: 3 21.34 82.39 121.11
31: 4 20.82 94.49 193.50
32: 5 20.19 78.11 162.28
33: 8 13.85 43.66 392.79
34: 5 19.95 98.18 310.97
35: 3 18.63 80.59 390.40
36: 5 22.05 92.97 248.86
37: 3 13.77 45.85 581.10
38: 6 20.01 77.54 374.03
39: 3 21.45 84.20 314.53
40: 4 19.92 78.22 428.23
41: 3 24.53 112.82 297.75
43: 1 0.25 10.18 1827.65
44: 3 23.09 105.66 508.13
45: 7 24.89 111.79 441.44
46: 1 27.82 121.01 330.44
47: 3 28.50 140.25 402.41
48: 2 12.24 36.80 1322.04
50: 2 25.04 110.82 657.63
51: 5 21.62 87.05 901.48
52: 2 25.13 115.33 732.59
53: 2 15.13 48.26 1449.65
54: 1 39.70 235.74 204.59
55: 2 21.84 87.23 1119.22
56: 1 21.63 90.65 1181.06
57: 6 29.62 181.93 1048.84
58: 2 24.74 108.94 1105.98
59: 2 14.10 64.70 2207.53
60: 1 58.46 507.55 2.38
61: 1 35.14 193.01 668.63
63: 1 32.59 172.44 924.96
64: 3 36.88 231.71 850.09
65: 2 21.75 78.64 1876.46
67: 2 29.07 136.82 1439.73
68: 2 29.21 129.52 1505.74
70: 2 22.72 88.18 2281.46
73: 1 10.49 39.98 3907.91
76: 1 25.84 108.27 2515.68
77: 1 42.71 270.51 1176.00
78: 1 38.95 236.89 1525.09
81: 1 36.77 208.62 1956.45
83: 1 21.59 76.89 3771.64
MSE: 153.51
NLL: 173.07
profile of Model 9
K N Mean Var MSE
0: 792 5.37 19.47 84.74
1: 19 11.43 35.47 142.25
2: 16 8.32 28.17 89.96
3: 4 6.44 16.01 25.07
4: 11 15.88 69.90 251.03
5: 7 10.30 31.29 70.99
6: 8 9.85 35.63 88.98
7: 4 17.38 65.25 157.86
8: 5 10.27 36.36 50.27
9: 8 16.68 69.07 130.85
10: 10 11.88 41.80 69.89
11: 6 14.46 59.49 111.07
12: 10 16.13 59.62 61.47
13: 6 15.10 61.00 84.25
14: 8 12.62 65.23 174.92
15: 8 11.57 36.25 48.34
16: 4 16.73 61.94 24.49
17: 3 15.79 60.24 53.64
18: 10 16.99 69.83 73.18
19: 4 9.82 24.10 96.84
20: 8 22.35 103.74 61.64
21: 8 18.90 84.25 105.45
22: 7 14.41 53.12 104.42
23: 3 13.84 45.21 109.32
24: 5 21.28 94.90 80.60
25: 9 21.68 133.83 301.29
26: 3 20.01 107.37 221.84
27: 5 22.41 121.33 195.75
28: 5 17.02 66.02 165.06
29: 6 19.83 103.73 265.98
30: 3 27.19 156.34 140.20
31: 4 22.57 115.41 174.57
32: 5 26.71 143.93 132.13
33: 8 18.56 77.70 263.11
34: 5 23.38 137.17 323.18
35: 3 15.36 70.31 461.14
36: 5 24.65 137.05 260.50
37: 3 15.00 53.29 529.91
38: 6 23.84 135.81 368.90
39: 3 19.89 81.84 370.96
40: 4 23.85 115.79 315.49
41: 3 27.89 150.91 197.81
43: 1 4.07 9.91 1515.44
44: 3 27.98 194.55 436.37
45: 7 32.89 206.47 237.29
46: 1 46.83 381.83 0.69
47: 3 33.48 225.43 307.79
48: 2 16.22 53.63 1037.30
50: 2 31.75 206.01 511.35
51: 5 22.34 99.52 839.71
52: 2 26.81 135.02 643.46
53: 2 18.66 69.63 1197.42
54: 1 56.10 529.31 4.40
55: 2 28.39 156.69 805.28
56: 1 24.72 113.69 978.52
57: 6 37.18 308.69 817.07
58: 2 23.05 107.95 1233.41
59: 2 22.53 157.48 1707.72
60: 1 64.58 678.70 20.97
61: 1 46.93 386.43 198.10
63: 1 39.38 275.76 557.83
64: 3 41.97 380.36 904.99
65: 2 28.97 147.70 1327.26
67: 2 39.54 285.91 813.70
68: 2 45.50 358.46 507.69
70: 2 37.35 249.06 1126.15
73: 1 25.04 119.23 2300.15
76: 1 23.81 110.63 2723.32
77: 1 64.39 703.24 158.91
78: 1 54.89 518.22 534.23
81: 1 43.40 339.02 1413.62
83: 1 22.31 95.75 3683.49
MSE: 142.53
NLL: 161.83
profile of Model 10
K N Mean Var MSE
0: 792 6.90 43.19 97.79
1: 19 10.20 65.09 104.07
2: 16 8.28 57.44 76.60
3: 4 9.97 36.63 86.87
4: 11 11.23 222.54 110.00
5: 7 10.56 150.60 72.63
6: 8 9.98 139.16 75.46
7: 4 12.84 162.32 52.97
8: 5 12.99 54.27 49.73
9: 8 11.58 205.65 28.98
10: 10 14.17 72.20 75.87
11: 6 11.12 94.28 28.72
12: 10 11.22 180.41 22.63
13: 6 13.05 61.47 28.68
14: 8 10.63 145.97 157.31
15: 8 11.68 220.42 52.12
16: 4 16.27 72.33 19.16
17: 3 11.28 167.47 54.58
18: 10 13.49 173.54 77.92
19: 4 7.61 100.77 137.41
20: 8 17.59 171.23 40.23
21: 8 15.55 123.16 94.07
22: 7 16.71 82.78 75.29
23: 3 10.91 258.46 154.01
24: 5 15.69 225.93 133.25
25: 9 17.82 154.84 189.66
26: 3 21.50 149.03 208.57
27: 5 16.03 160.13 188.23
28: 5 17.42 81.71 125.09
29: 6 16.34 166.81 266.75
30: 3 20.52 105.13 108.61
31: 4 19.57 222.82 267.54
32: 5 19.61 186.92 222.06
33: 8 15.78 72.06 318.20
34: 5 17.34 177.44 387.32
35: 3 17.34 85.06 363.24
36: 5 22.00 151.37 257.35
37: 3 17.41 164.30 395.09
38: 6 19.39 108.92 414.62
39: 3 22.20 124.75 299.51
40: 4 11.13 284.44 853.85
41: 3 15.95 323.32 635.12
43: 1 6.08 18.02 1363.09
44: 3 27.74 221.84 424.02
45: 7 21.69 203.98 645.94
46: 1 34.15 274.47 140.49
47: 3 25.67 181.70 560.16
48: 2 12.98 41.50 1226.35
50: 2 20.11 369.28 967.46
51: 5 18.31 168.19 1114.50
52: 2 21.35 112.89 955.21
53: 2 15.47 63.99 1411.50
54: 1 36.85 312.53 294.10
55: 2 20.27 415.25 1250.45
56: 1 3.90 402.22 2714.56
57: 6 30.83 267.42 873.91
58: 2 24.11 144.94 1149.67
59: 2 18.70 128.14 1810.81
60: 1 47.03 520.62 168.26
61: 1 34.18 275.25 719.10
63: 1 29.13 205.42 1147.33
64: 3 34.04 285.64 947.99
65: 2 19.11 93.05 2114.34
67: 2 30.96 227.55 1302.75
68: 2 33.96 266.30 1158.83
70: 2 25.33 174.65 2056.99
73: 1 18.90 95.53 2926.60
76: 1 17.46 83.10 3426.88
77: 1 43.43 443.59 1126.61
78: 1 35.21 294.70 1831.41
81: 1 35.15 285.42 2102.02
83: 1 24.17 147.55 3461.44
MSE: 169.75
NLL: 143.89
profile of Model 11
K N Mean Var MSE
0: 792 5.91 28.16 85.88
1: 19 10.74 47.13 133.34
2: 16 8.63 40.34 113.03
3: 4 7.72 30.39 49.42
4: 11 13.15 73.47 156.08
5: 7 12.67 58.21 92.99
6: 8 9.35 46.37 48.69
7: 4 15.97 70.86 92.59
8: 5 11.21 50.68 57.47
9: 8 14.97 68.19 50.71
10: 10 14.22 63.66 86.47
11: 6 11.08 50.52 55.45
12: 10 15.49 77.98 67.36
13: 6 10.06 43.68 36.36
14: 8 13.53 73.50 124.00
15: 8 12.95 56.28 28.03
16: 4 15.83 63.71 5.79
17: 3 12.73 58.39 53.09
18: 10 14.19 70.44 53.16
19: 4 8.31 29.81 118.49
20: 8 17.88 89.54 24.34
21: 8 14.95 66.32 64.24
22: 7 17.16 76.51 47.78
23: 3 11.49 56.39 153.30
24: 5 15.34 68.12 92.33
25: 9 17.28 98.08 201.19
26: 3 19.83 114.94 202.89
27: 5 15.32 78.27 206.83
28: 5 15.41 61.80 168.03
29: 6 16.68 76.55 188.27
30: 3 20.76 106.12 125.26
31: 4 23.65 141.20 119.32
32: 5 19.82 105.17 185.74
33: 8 17.24 72.85 256.83
34: 5 21.57 138.07 285.71
35: 3 16.79 101.26 489.91
36: 5 19.82 108.03 347.93
37: 3 14.56 58.86 530.03
38: 6 20.31 101.35 346.07
39: 3 18.18 82.84 455.43
40: 4 17.92 96.77 494.79
41: 3 21.63 132.40 398.46
43: 1 0.85 10.31 1776.73
44: 3 24.26 143.80 455.72
45: 7 24.62 144.63 460.51
46: 1 28.57 170.96 303.81
47: 3 21.64 130.12 766.73
48: 2 9.92 33.46 1455.34
50: 2 24.88 155.31 682.04
51: 5 20.04 110.41 980.45
52: 2 23.68 137.31 890.94
53: 2 17.56 69.76 1258.04
54: 1 37.26 276.90 280.07
55: 2 22.37 131.23 1111.24
56: 1 20.52 117.83 1258.87
57: 6 28.84 199.55 963.06
58: 2 22.56 117.02 1266.25
59: 2 14.22 84.64 2189.55
60: 1 51.05 489.13 80.02
61: 1 36.35 275.29 607.60
63: 1 28.64 182.01 1180.45
64: 3 36.92 292.26 844.89
65: 2 22.38 109.82 1818.60
67: 2 29.02 176.61 1442.46
68: 2 26.60 144.77 1714.07
70: 2 25.83 148.30 1968.70
73: 1 14.16 51.16 3462.04
76: 1 17.20 84.46 3457.29
77: 1 41.73 344.00 1243.69
78: 1 39.12 299.74 1511.79
81: 1 31.95 210.81 2406.38
83: 1 22.72 133.39 3633.88
MSE: 159.36
NLL: 125.40
best_model: 4, nll: 107.084
4
Iter-10, Ri: min 116, max 142, mean 126.2, Pi: -0.144, Ei: -0.139
Iter-11, Ri: min 116, max 142, mean 126.2, Pi: -0.078, Ei: -0.104
[142, 128, 125, 120, 116]
----------------------------------------
Top-5 everest scores: [142 128 125 120 116]
Top-5 oracle  scores: [142 128 125 120 116]
Top-5 everest frames: [9924 9936 9923 9935 9930]
Top-5 oracle  frames: [9924 9936 9923 9935 9930]
----------------------------------------
[EXP]precision: 1.0
[EXP]score_error: 0.0
[EXP]rank_dist: 0.0
